4.309075164952403725e+00
4.315061447109897586e+00
4.313432201529911580e+00
4.307335601601813835e+00
4.299078592413985156e+00
4.301622280395052123e+00
4.316910551471980995e+00
4.299905121265440222e+00
4.307705004622139455e+00
4.296070789458884320e+00
4.292303817526002874e+00
4.293082641297356616e+00
4.286466991588712361e+00
4.289317264050485967e+00
4.288589769644842065e+00
4.307654596632424671e+00
4.302061322199534743e+00
4.292628722696449017e+00
4.306679955308271524e+00
4.300524543870380079e+00
4.333933627934152710e+00
4.324735973448773585e+00
4.330110087157657439e+00
4.336389551805940989e+00
4.333653554316158285e+00
4.329488254405569947e+00
4.326213577667001431e+00
4.322558830165921684e+00
4.322275304493042647e+00
4.326063816640230542e+00
4.316738481481302792e+00
4.306522285997042232e+00
4.282945277492753000e+00
4.269192222803865455e+00
4.268183913420775966e+00
4.264569092410336992e+00
4.276641306244021834e+00
4.427680823485720119e+00
4.439535347101836393e+00
4.429586550468666672e+00
4.422819589074639346e+00
4.432984654403331781e+00
4.438407287292980286e+00
4.458930755085964925e+00
4.407092225982409239e+00
4.405119733728495746e+00
4.413124896852232304e+00
4.419519793928892604e+00
4.399282991744223104e+00
4.409115658382441794e+00
4.413752980714098939e+00
4.296149176335553932e+00
4.301152015385291350e+00
4.285819867400629590e+00
4.288360727069139067e+00
4.307383129597025295e+00
4.292140847577003093e+00
4.294810347018177765e+00
4.352795280164427183e+00
4.349873894742654734e+00
4.351111909889477047e+00
4.346905845007150049e+00
4.345395964445040171e+00
4.349743106468926257e+00
4.357877502589153629e+00
4.359859170148077112e+00
4.367566599346952572e+00
4.358266255190980765e+00
4.353670191757819552e+00
4.351707214188790473e+00
4.348953006202251892e+00
4.363744391321898064e+00
4.348324134792100004e+00
4.342455116265478310e+00
4.339915866361608643e+00
4.342349425383543959e+00
4.345240647049922522e+00
4.349469617896133400e+00
4.360294817112015942e+00
4.363214037889581398e+00
4.358340478050371836e+00
4.360637722505381397e+00
4.366412066815787973e+00
4.354252703566894311e+00
4.354630915166294969e+00
4.356901064789107991e+00
4.344435713855594017e+00
4.345457768133300647e+00
4.349246842472473951e+00
4.352791348721871678e+00
4.368252391330876172e+00
4.370846444078988924e+00
4.371288154702635431e+00
4.379492630316451418e+00
4.376146483551285549e+00
4.383617408912353852e+00
4.378438536510448564e+00
4.374068479024458611e+00
4.385894528256463865e+00
4.386931257001644546e+00
4.391857048274700581e+00
4.360428358245739489e+00
4.364586219777467413e+00
4.370124071216424433e+00
4.372479677937373133e+00
4.369438746369843862e+00
4.376432179256585897e+00
4.382702125084624534e+00
4.392897935046561564e+00
4.355843609489164159e+00
4.354184352004830671e+00
4.357751181356066539e+00
4.358456312537682287e+00
4.353199326197917607e+00
4.365395480344452572e+00
4.351692533380094652e+00
4.381022840532128981e+00
4.347880194827408395e+00
4.352263121579172278e+00
4.342730860647774804e+00
4.340524999181254451e+00
4.349018552654627001e+00
4.363693570997500437e+00
4.364711922550582379e+00
4.355457616160670398e+00
4.351299068365792166e+00
4.354735595582162944e+00
4.345718658604103446e+00
4.342678788585915939e+00
4.327275250645054250e+00
4.331737323615220348e+00
4.342008762826459645e+00
4.375086525904255730e+00
4.366873780524655579e+00
4.385545556782911802e+00
4.386768932049927017e+00
4.398573985424805599e+00
4.420350642879103731e+00
4.411773492447579770e+00
4.421449665512363403e+00
4.383626778694376114e+00
4.390730738447216730e+00
4.385046229627761250e+00
4.396994572456055295e+00
4.400366000277148082e+00
4.397183512004311012e+00
4.387332931284842807e+00
4.403554688828563712e+00
4.407107400401837793e+00
4.398740277557854128e+00
4.403909585278685590e+00
4.394712544316824676e+00
4.388707745299003093e+00
4.402288502065393239e+00
4.402896859200786217e+00
4.396755919006086977e+00
4.393910021016516509e+00
4.400636875285855787e+00
4.407648050825897279e+00
4.407021164347557196e+00
4.398277696147161464e+00
4.415149705982533312e+00
4.407753129986209828e+00
4.413845245031841280e+00
4.420131641515904874e+00
4.422197322592318791e+00
4.413475037282160507e+00
4.417844051796008031e+00
4.317031109614384299e+00
4.313781404036478584e+00
4.313565650880164526e+00
4.324682633824273204e+00
4.324658660432469937e+00
4.332187872288571384e+00
4.322897637772597612e+00
4.325365867942704057e+00
4.327112139518923151e+00
4.331125972155435377e+00
4.337695463753255432e+00
4.330710434593136426e+00
4.332301667696567549e+00
4.337644748621041657e+00
4.343014438345012884e+00
4.348531186775884017e+00
4.313718021420090309e+00
4.318383656938910242e+00
4.312353452813998622e+00
4.320645484166965922e+00
4.304073627489025888e+00
4.302092554624531218e+00
4.366419743125237396e+00
4.372770805266040561e+00
4.368713670708058494e+00
4.361570677446851008e+00
4.363574797760208845e+00
4.371858886493279250e+00
4.375927299088128386e+00
4.371340614114374468e+00
4.381932854453322257e+00
4.376287950754727873e+00
4.383985547544459571e+00
4.389870856103939012e+00
4.386951395036766677e+00
4.378724812743457484e+00
4.396939038585553128e+00
4.394437277555003796e+00
4.390630882105421406e+00
4.362059424324339574e+00
4.368374338716245475e+00
4.355975437943836681e+00
4.358649964118030518e+00
4.363272213898819807e+00
4.371509175095389388e+00
4.378372228878019357e+00
4.369105579399149342e+00
4.358022815717379039e+00
4.362531189543650711e+00
4.378260289832947016e+00
4.359450910122580680e+00
4.353138354461849602e+00
4.393430188658758340e+00
4.380706766825115395e+00
4.385390766654315264e+00
4.325369553911982301e+00
4.335752281041417966e+00
4.330457831500890364e+00
4.325848130906469358e+00
4.336950064749966138e+00
4.332271389630543368e+00
4.319084872810126541e+00
4.321901876178931623e+00
4.324934823984677656e+00
4.305598274527125291e+00
4.332111898750944157e+00
4.328871292150862971e+00
4.313438813440670039e+00
4.325985426953824486e+00
4.338208471251492782e+00
4.336583028842460941e+00
4.332888159130699357e+00
4.328211999449075087e+00
4.326763881949061030e+00
4.330375772071421103e+00
4.316806772885683152e+00
4.320682615852219577e+00
4.306366015653634527e+00
4.314370700279913429e+00
4.296239792809470437e+00
4.288004725385457405e+00
4.309630740265408377e+00
4.321212273962129480e+00
4.321090755177108278e+00
4.340511796687569479e+00
4.341968764079749299e+00
4.335887160693572717e+00
4.339519565801008838e+00
4.344619856780581379e+00
4.337902078409050510e+00
4.341106423551003957e+00
4.343200676603516719e+00
4.304999827868174478e+00
4.305144388037332348e+00
4.348007167517108584e+00
4.352364772519152325e+00
4.354367509566309913e+00
4.356740992877631058e+00
4.344813452221382377e+00
4.347831759522899908e+00
4.337839523693967969e+00
4.340062138879093645e+00
4.350110515294250746e+00
4.339369589626042689e+00
4.341632276408622815e+00
4.333029028226527579e+00
4.334904688056157696e+00
4.342998803028385701e+00
4.356099270574335769e+00
4.351061876742121193e+00
4.352280202088497418e+00
4.338786341666320823e+00
4.335214466432336877e+00
4.375173658896654771e+00
4.378810999706558071e+00
4.372241149685947015e+00
4.369588705234658477e+00
4.369236644335309450e+00
4.372352217533012286e+00
4.365477319700570291e+00
4.362685014553379759e+00
4.359915572727368627e+00
4.363563032270155517e+00
4.357800673979136619e+00
4.374164606744893824e+00
4.374713327083574299e+00
4.380327764471195984e+00
4.377038201734042566e+00
4.375743633320869463e+00
4.373426576263137910e+00
4.370661459131708781e+00
4.382332794511657248e+00
4.387060799439588266e+00
4.375178498973028240e+00
4.377868539483690924e+00
4.389161278309774872e+00
4.391447007100601319e+00
4.391171426565405156e+00
4.384370097053643001e+00
4.386803545446989361e+00
4.393253857804383600e+00
4.381154651243980958e+00
4.381621955165579507e+00
4.390700470865833260e+00
4.364058055194088404e+00
4.367299302943597361e+00
4.366661685398042003e+00
4.360614887989600064e+00
4.362845785193641746e+00
4.370052480434678976e+00
4.396531969553715058e+00
4.406474298896716491e+00
4.399202381812994389e+00
4.388511414260734433e+00
4.395555451962307458e+00
4.368955622250812354e+00
4.377475527215294981e+00
4.402358094932889543e+00
4.398382170460843454e+00
4.338959893262083867e+00
4.341211231003575755e+00
4.341426580540218794e+00
4.335349929011578674e+00
4.328162519165609901e+00
4.341023546184534787e+00
4.351806950874130386e+00
4.368486290922675153e+00
4.354535203348167904e+00
4.368578580302712844e+00
4.382185810687553307e+00
4.373245918035138402e+00
4.372486040656678341e+00
4.365300787546252614e+00
4.342392624520766020e+00
4.356049228264735618e+00
4.328565511451420988e+00
4.322103167743712504e+00
4.356328993157108975e+00
4.363507264948276898e+00
4.349596075020502717e+00
4.362026293194048776e+00
4.361242307322018341e+00
4.328674135247164045e+00
4.416275362522208425e+00
4.423080896312107768e+00
4.416253844554630881e+00
4.425179603800279082e+00
4.420768625661860796e+00
4.401962779344009036e+00
4.408808988755794189e+00
4.405193242283809596e+00
4.404101290741042618e+00
4.400493154846493837e+00
4.430237864906924727e+00
4.421001967906858177e+00
4.422042918671313494e+00
4.442955200574492558e+00
4.445427193931413612e+00
4.410980397353347016e+00
4.412826971107699947e+00
4.430332118430786892e+00
4.432091895267395998e+00
4.440380144549183505e+00
4.427405122133421855e+00
4.433969224387496411e+00
4.413770021375825081e+00
4.420941607903554171e+00
4.403963042720317134e+00
4.455254612243722434e+00
4.452154626788190406e+00
4.430072597238034149e+00
4.420560351741982252e+00
4.421567825510655858e+00
4.461173707996477944e+00
4.462195703869284991e+00
4.445983732302172697e+00
4.457535092076529537e+00
4.438440712180078407e+00
4.414259663593592897e+00
4.415483910124494038e+00
4.410693788898363721e+00
4.411594511724479695e+00
4.244834688129189182e+00
4.282193786971664196e+00
4.276024042272934977e+00
4.263142714776041231e+00
4.254027369555773319e+00
4.287434065660306715e+00
4.238537731545879872e+00
4.262296751936528239e+00
4.246858655361161361e+00
4.281751548975031518e+00
4.275777458716333079e+00
4.248103940027076142e+00
4.222717285600022130e+00
4.256181612033296702e+00
4.274999308634908957e+00
4.277337146863097850e+00
4.237693937320993420e+00
4.378101276373159045e+00
4.363653186306503784e+00
4.400569591999484054e+00
4.361947634275475494e+00
4.359419129287153361e+00
4.351703582277262505e+00
4.363207806379712395e+00
4.355966326940055922e+00
4.341164702069559844e+00
4.330798164488554924e+00
4.436420687099135840e+00
4.422942531315890768e+00
4.450139001181355525e+00
4.454251553408203002e+00
4.438787882065421186e+00
4.433897743847328599e+00
4.457825119307720740e+00
4.449777422757438039e+00
4.441475353838900908e+00
4.443855329105489638e+00
4.435425823611429230e+00
4.319118333921029063e+00
4.280905926374678927e+00
4.260995640506954452e+00
4.284994744612593998e+00
4.274013250222126636e+00
4.282900197663167319e+00
4.294232176708123738e+00
4.301454095306873171e+00
4.466671780844380990e+00
4.422969494288843784e+00
4.429691015614433347e+00
4.422061975832600744e+00
4.418550504730288431e+00
4.442049426386780020e+00
4.409445105744638660e+00
4.397425037498012834e+00
4.375983763016447092e+00
4.375142092348236034e+00
4.375528090459467556e+00
4.367062694899025210e+00
4.416631627736697929e+00
4.427278782891014508e+00
4.437902745404198157e+00
4.455094939760203765e+00
4.473600390944725724e+00
4.475191752352997376e+00
4.464364440275343071e+00
4.471800552147795926e+00
4.487150787961627252e+00
4.488692254826016637e+00
4.457409241552473311e+00
4.467160538615682519e+00
4.467036987479894528e+00
4.460706746283360502e+00
4.485845433224501910e+00
4.486379273586474703e+00
4.479317467593161517e+00
4.448930981318150124e+00
4.438611478404367539e+00
4.437903170922329998e+00
4.458389807158866347e+00
4.450708312936903610e+00
4.314645125274141790e+00
4.301477194019396322e+00
4.461124172082661765e+00
4.473872190787851366e+00
4.467498425218813907e+00
4.475839933912755697e+00
4.484535991476953143e+00
4.307349793554186235e+00
4.296014434252496628e+00
4.315562295853064612e+00
4.301879499418514996e+00
4.316027068271283795e+00
4.319967383746195821e+00
4.484336394968416073e+00
4.492676831765201939e+00
4.529818084914784215e+00
4.225566876355090429e+00
4.236470472068448068e+00
4.497343516159458154e+00
4.393153279188842575e+00
4.543487432012622840e+00
4.172739621592755910e+00
4.358151184192908367e+00
4.203343692538879850e+00
4.171692690990742136e+00
4.408608212307179031e+00
4.377258778919024707e+00
4.588572816813935695e+00
4.479684921410546750e+00
4.478624441826243974e+00
4.093137358249662405e+00
4.302788346453231050e+00
4.585528840174923459e+00
4.629365349964293941e+00
4.104723662726856404e+00
4.503959091022569083e+00
4.304655980906590074e+00
4.160843824920886114e+00
4.498812878839798302e+00
4.587816554338276731e+00
4.367131381658549749e+00
4.344261231673684165e+00
4.288105238695393062e+00
4.314725419835848896e+00
4.162404710856398182e+00
4.361973699626529921e+00
4.433386482126331352e+00
4.509180239146354019e+00
4.200670444254007485e+00
4.430270967181250796e+00
4.185849387548355338e+00
4.095273571384741906e+00
4.193658694551266386e+00
4.471581060802458651e+00
4.513134611644977312e+00
4.333021088908736829e+00
4.244773439187603969e+00
4.245592204053716401e+00
4.261764130944187379e+00
4.508511727205045005e+00
4.229898526660181624e+00
4.300097137946854886e+00
4.592811270229727683e+00
4.514265951489128348e+00
4.553143366698277461e+00
4.550528312522753360e+00
4.412752026630590407e+00
4.141219019607008001e+00
4.552762151366493093e+00
4.371622337383901602e+00
4.088117204864072818e+00
4.417568216676746040e+00
4.686333459131521550e+00
3.986754805418987413e+00
4.416573713600634221e+00
4.471508292171111343e+00
4.733501918975946410e+00
3.960768684606762680e+00
4.110510997586639625e+00
4.891143645367840520e+00
4.660835635553611134e+00
4.118829459385636049e+00
3.910087626300607244e+00
4.235291675562314673e+00
3.955764497384901102e+00
4.830922069012896891e+00
4.413359185765547643e+00
4.037073380460975969e+00
4.704986139305590953e+00
3.977236017079099906e+00
4.257547390888981376e+00
4.562375335968469336e+00
4.657749709769232638e+00
4.400790680300116442e+00
4.175756164378927160e+00
4.509492678676705779e+00
4.537289236418015292e+00
3.931165577896925889e+00
4.450590174940875166e+00
4.746746321783492206e+00
4.388248232326062315e+00
3.860610609823855732e+00
4.819878661243039986e+00
4.075398534086502877e+00
3.854974667724786475e+00
4.131919218249727521e+00
4.631843951983065644e+00
4.033942392363761620e+00
4.384001089808620577e+00
4.619528874102035054e+00
4.468638499443105871e+00
4.289346320668903090e+00
4.662955618378846090e+00
4.547468894941370188e+00
4.270142174868347240e+00
4.655907257391623588e+00
4.697420934782551072e+00
4.376865166199260138e+00
4.825423314984886858e+00
4.758889794406506724e+00
3.881020077541771141e+00
4.103741369550570006e+00
4.450065623908527890e+00
3.985298619646091556e+00
4.021865023992208243e+00
4.760726509436671527e+00
3.899647635025684345e+00
4.019008114031931811e+00
4.186686694677648646e+00
4.364604248512931051e+00
