5.083769267214695731e+01
5.084065309233184138e+01
5.083468710610838315e+01
5.083175825154521021e+01
5.082951904425979706e+01
5.083461757601985198e+01
5.084491135560865160e+01
5.082421418408929981e+01
5.082791405076558533e+01
5.081692539637614203e+01
5.081094965906998340e+01
5.082538407083855958e+01
5.082892817726662571e+01
5.083605000784611860e+01
5.082072507953954954e+01
5.084711181416033554e+01
5.084473647641686256e+01
5.084326036260220150e+01
5.084225597260999763e+01
5.083967359072449455e+01
5.084504330698870689e+01
5.084179361258462393e+01
5.083975728279177986e+01
5.084189891911437087e+01
5.083804412091166824e+01
5.083455880103313262e+01
5.083585533532539102e+01
5.083774450043356552e+01
5.083469124980483400e+01
5.083187352309096951e+01
5.082863898469783948e+01
5.081845143001111609e+01
5.081466125656166355e+01
5.081358293766428602e+01
5.081666334729516166e+01
5.082543977201440555e+01
5.083284443631497851e+01
5.082113942750265068e+01
5.081620669840823723e+01
5.081411085638905689e+01
5.081317973031011803e+01
5.080994783100712908e+01
5.080549932923754852e+01
5.079820381334796764e+01
5.081977796303874584e+01
5.082342120080656400e+01
5.081991684646205698e+01
5.081792666953214876e+01
5.081579166635030731e+01
5.081573611271282687e+01
5.081331835416951037e+01
5.086678809989079753e+01
5.086204247849350679e+01
5.086216229984087533e+01
5.086703220181140495e+01
5.086741113197323472e+01
5.087178508625783735e+01
5.085836651474919279e+01
5.084590131606056929e+01
5.084753356600722896e+01
5.084411932134021583e+01
5.084196956342118057e+01
5.084330412468068516e+01
5.084063590296897672e+01
5.084420691485591703e+01
5.084681186318545798e+01
5.084568423975377272e+01
5.083877822965249038e+01
5.084045553750771518e+01
5.083485093460190996e+01
5.083542767524478023e+01
5.084382950154668634e+01
5.084892862840860062e+01
5.084399765937516946e+01
5.084729348704166085e+01
5.085031952899213081e+01
5.085322802338199466e+01
5.085367320178805528e+01
5.084846782125189435e+01
5.085109385352610190e+01
5.085058103752119507e+01
5.085310147359692934e+01
5.084999931501215542e+01
5.084870367890552245e+01
5.085194648738936252e+01
5.085436881561711431e+01
5.083572136111182260e+01
5.083877413910522591e+01
5.085675490818143629e+01
5.085363775261073016e+01
5.084045500735709311e+01
5.084347568282505136e+01
5.084553992204353534e+01
5.084635870051607043e+01
5.084146224565658656e+01
5.084208303388250272e+01
5.083808726942044842e+01
5.084681839280295179e+01
5.084896486768818846e+01
5.084574461698920800e+01
5.084206040189355491e+01
5.083048653534100225e+01
5.082756938586458517e+01
5.081846920925891453e+01
5.081821545471368040e+01
5.082161591210959983e+01
5.080614037355988444e+01
5.081118405427905316e+01
5.080051968119379069e+01
5.086311361816168386e+01
5.085898156609225396e+01
5.086341623003119849e+01
5.086747170860346046e+01
5.086585154879464454e+01
5.087226083503790619e+01
5.086070656577906135e+01
5.088109200565064327e+01
5.086756016715430206e+01
5.087904186911019622e+01
5.088297879107844324e+01
5.088854638200432845e+01
5.088388262423324448e+01
5.088617230757431287e+01
5.089495742010039692e+01
5.089858841612232254e+01
5.087670789566887208e+01
5.087342052722389951e+01
5.087234464499207576e+01
5.087678621472239371e+01
5.089674479999054313e+01
5.088950569401876578e+01
5.089617382880472007e+01
5.089389791464341073e+01
5.089811584683270951e+01
5.089050339587368654e+01
5.089895961018842740e+01
5.090604250664493691e+01
5.089539145554973487e+01
5.088653047983318345e+01
5.088121076242558871e+01
5.083608539534645843e+01
5.083635066812900760e+01
5.083165106433716574e+01
5.083493912683027816e+01
5.083483632213035008e+01
5.083054465105841757e+01
5.082803100682380659e+01
5.083526435633113749e+01
5.083122101703698092e+01
5.084082247409219235e+01
5.083898676894412461e+01
5.082607506631887873e+01
5.082353573820971349e+01
5.082758021450336372e+01
5.087870378934091065e+01
5.087421762797058733e+01
5.088114825040523215e+01
5.087136167336471715e+01
5.086819191375931837e+01
5.087441588061884090e+01
5.086780338375940147e+01
5.085665684244371931e+01
5.086270057175363490e+01
5.086146163100922735e+01
5.086780589153516985e+01
5.086154486124653573e+01
5.087342387270555122e+01
5.087394653973402114e+01
5.081011533928383272e+01
5.080323064643143738e+01
5.081437497621845267e+01
5.081214188677643762e+01
5.080662064672230827e+01
5.081042371875755492e+01
5.082622960794397216e+01
5.082044652451620692e+01
5.081673564012483268e+01
5.082255710675163840e+01
5.082234169627856346e+01
5.082749472683553194e+01
5.082544753002618165e+01
5.081750527069607415e+01
5.081735776779044045e+01
5.081881668970616772e+01
5.087635252737939595e+01
5.087283362055265457e+01
5.086983338861210768e+01
5.086842366825653983e+01
5.087192938961404565e+01
5.087728131647748597e+01
5.083352428677420676e+01
5.083412352479171403e+01
5.083055604986013520e+01
5.083301991573611645e+01
5.083557476843450473e+01
5.082734578617331067e+01
5.083057141001270196e+01
5.082407794070146423e+01
5.082541845617443244e+01
5.082268732273425371e+01
5.081814607813844731e+01
5.081904554174545297e+01
5.081458234847091404e+01
5.081707508780043270e+01
5.082079561891475095e+01
5.081457848084548345e+01
5.080874337700316090e+01
5.081856749237271487e+01
5.081768365604628457e+01
5.081999332454107332e+01
5.082274581664912461e+01
5.082370095597153181e+01
5.083848037485856253e+01
5.083350987731155612e+01
5.083691087019044375e+01
5.083525557059200395e+01
5.083731152233237083e+01
5.082790462860634051e+01
5.082759142856971124e+01
5.081630143061926930e+01
5.080367756311259342e+01
5.082072584589258213e+01
5.082292027222905517e+01
5.087931082449484421e+01
5.088122847547708716e+01
5.087358693337026949e+01
5.087448211353571281e+01
5.087231755984441151e+01
5.086896143310855933e+01
5.088607907160310617e+01
5.089103167116581261e+01
5.086957172907702329e+01
5.088574621852525581e+01
5.086016160358703786e+01
5.085774555077934167e+01
5.086482225717580263e+01
5.086424750461310396e+01
5.085489471880799073e+01
5.085184416694560383e+01
5.085347873619787862e+01
5.085134444070438065e+01
5.084756792729399422e+01
5.085545530624232669e+01
5.085017436278010194e+01
5.085318432884612605e+01
5.085091473046848876e+01
5.085508909071288031e+01
5.085208888567986918e+01
5.084761188874256987e+01
5.086130426330538512e+01
5.086014690128701687e+01
5.085663391009593681e+01
5.086500697115081238e+01
5.086071381788773493e+01
5.086434050199601842e+01
5.086856526015328228e+01
5.086215689052662725e+01
5.085883610107342179e+01
5.085856169222350331e+01
5.085716163081114871e+01
5.085761625754699367e+01
5.085455224556480402e+01
5.082287789738495576e+01
5.082538268393909675e+01
5.082994175217846333e+01
5.082911474228768611e+01
5.082973642061616459e+01
5.082827999864890245e+01
5.082797499054472468e+01
5.083046747166901724e+01
5.083029212918062711e+01
5.083498979121178962e+01
5.083269441943360079e+01
5.083024559960445288e+01
5.083391352131075536e+01
5.082543069113688716e+01
5.083529667230478566e+01
5.083329459327450195e+01
5.083217942596210293e+01
5.083924048269740581e+01
5.083709159406413391e+01
5.084991436350762228e+01
5.085272621209359301e+01
5.084827666722258499e+01
5.085074611282367840e+01
5.085526697947657482e+01
5.085166688177820049e+01
5.085664095650164285e+01
5.085773343468247987e+01
5.085664080584727031e+01
5.085467997034407261e+01
5.085792911575293118e+01
5.085445863057712756e+01
5.086828026803951275e+01
5.086946555157556560e+01
5.086503192977117749e+01
5.086192506550079884e+01
5.085846245571499935e+01
5.086181665682743613e+01
5.087563777001311394e+01
5.087847679096742581e+01
5.087250044849712083e+01
5.087552517898826920e+01
5.087276849022741487e+01
5.087519812446876699e+01
5.086952959341569169e+01
5.087111479827296279e+01
5.085660219867415321e+01
5.085608747653714801e+01
5.085437729306596566e+01
5.085955379780663321e+01
5.086442232591882373e+01
5.086193159491994464e+01
5.086752194526273030e+01
5.086030161459795806e+01
5.086277142601546331e+01
5.086800427577148298e+01
5.087052087186742000e+01
5.084930392664769272e+01
5.085180934442155376e+01
5.084620816989537673e+01
5.085181839200274112e+01
5.085250528984289531e+01
5.086453494296056732e+01
5.085700102329400352e+01
5.085729994720388447e+01
5.086171583158735388e+01
5.079953598475387366e+01
5.079196121305696465e+01
5.081250303681130731e+01
5.080455105326717558e+01
5.079217985555646209e+01
5.080733967379244120e+01
5.080094285540584309e+01
5.080011238465900192e+01
5.079492861587723240e+01
5.080830656077078089e+01
5.078232298419426627e+01
5.079176234653662902e+01
5.077866463021466359e+01
5.079045092872048883e+01
5.078175320935333303e+01
5.077556639804210192e+01
5.078555855993258206e+01
5.079733827658177603e+01
5.081353813658380147e+01
5.081465072958280160e+01
5.080843240301738462e+01
5.081130992300705884e+01
5.080685173375637476e+01
5.080151109461972680e+01
5.079815684909969775e+01
5.078696260509362048e+01
5.078949204486107760e+01
5.080047102255009150e+01
5.080659055755764797e+01
5.080516513729324402e+01
5.080955951645290014e+01
5.079981068094772212e+01
5.079583819223969243e+01
5.081159945756549234e+01
5.084206169031417488e+01
5.084175957388390543e+01
5.084788704133805481e+01
5.083899033847940530e+01
5.084545632987162378e+01
5.084465425712822650e+01
5.084065882286184745e+01
5.084894293402751231e+01
5.085450470748070728e+01
5.085418219495605996e+01
5.085882876576476264e+01
5.084625777975389838e+01
5.084838331889058338e+01
5.085267458375172822e+01
5.084206195803183448e+01
5.084747053432832331e+01
5.085131878114061976e+01
5.083600522744994521e+01
5.083673540592702977e+01
5.083026867750544397e+01
5.084291188769601888e+01
5.083625948492755242e+01
5.083404918867738331e+01
5.082579955811227990e+01
5.082638722299680722e+01
5.082621279683463911e+01
5.083286510434079730e+01
5.083524982214365195e+01
5.083754612379308924e+01
5.090654848811691835e+01
5.090117997865565513e+01
5.088686423652804791e+01
5.088742496016176631e+01
5.089538570152480901e+01
5.087887178175754599e+01
5.088733923513956370e+01
5.084339589453435337e+01
5.085501074564351853e+01
5.085431236676110700e+01
5.084284047235516368e+01
5.082951504965800638e+01
5.087713891624316886e+01
5.087243985898762588e+01
5.086768696535897760e+01
5.087538785927693397e+01
5.083156205089172630e+01
5.093948831688025081e+01
5.093929801279996639e+01
5.093043483682102845e+01
5.092381560155637032e+01
5.091555349288787369e+01
5.091176053270078228e+01
5.091143959073035319e+01
5.090496131536622926e+01
5.090641889518150265e+01
5.091202004862389430e+01
5.091159706064200918e+01
5.090747047760152100e+01
5.091700706044560576e+01
5.090425114459029032e+01
5.089321868122708281e+01
5.089872882688656119e+01
5.089870354769299610e+01
5.088763198958745448e+01
5.088386221993808078e+01
5.088102787669480875e+01
5.088774765520177823e+01
5.093481787602060962e+01
5.091675883502117017e+01
5.080094841555366969e+01
5.080351244594724136e+01
5.078970988700879019e+01
5.078791978463188173e+01
5.078750148872616421e+01
5.078183005213895029e+01
5.090805305040635886e+01
5.092809560313637007e+01
5.092554946517917358e+01
5.091963544523570562e+01
5.092978402582321706e+01
5.092697666901509734e+01
5.092013549274036421e+01
5.091508597691826310e+01
5.090349000595890061e+01
5.091375134013364345e+01
5.090887682570132711e+01
5.090486188013703384e+01
5.091055235430440717e+01
5.093459752665596341e+01
5.093445232579134796e+01
5.092458538225069731e+01
5.088283086948386824e+01
5.087655681406509700e+01
5.088363274293467953e+01
5.088937445466481790e+01
5.087199758874800182e+01
5.088232332858649443e+01
5.088025102353156370e+01
5.089245958999379127e+01
5.088833102274427489e+01
5.088972489300306989e+01
5.089194249315414709e+01
5.089965139202670485e+01
5.088597330900720550e+01
5.086887217061188693e+01
5.086280410195995927e+01
5.087267171343259520e+01
5.087103746722280562e+01
5.085658791896494790e+01
5.078814740810700812e+01
5.080139229843263138e+01
5.086072046308812133e+01
5.085909199226954769e+01
5.084912157083999062e+01
5.083122583612739476e+01
5.082357265092628040e+01
5.090768798434431375e+01
5.091244207697362611e+01
5.090100769273814052e+01
5.089629165953353152e+01
5.089561536937367237e+01
5.092020265880159258e+01
5.083851996633746495e+01
5.084986326501270071e+01
5.076346246548466468e+01
5.093663008861448560e+01
5.072873081357776925e+01
5.098075333368960571e+01
5.072836482148581894e+01
5.090283830444509761e+01
5.087524643098545596e+01
5.102249059349185956e+01
5.077790961282491367e+01
5.099882742538203928e+01
5.095430205235707177e+01
5.070264259280827446e+01
5.084158301844852446e+01
5.101137419283234919e+01
5.071834281454096072e+01
5.085811929713141666e+01
5.097335089516634099e+01
5.093080028313232077e+01
5.086218962964047563e+01
5.080658398570918877e+01
5.080491419340403780e+01
5.101451651350121352e+01
5.093005735193783323e+01
5.094127328735024918e+01
5.080324677761270635e+01
5.096446029622790519e+01
5.071738059778611074e+01
5.070293480198320424e+01
5.076629341374844984e+01
5.074897345661630510e+01
5.068907533854116565e+01
5.075907449138587424e+01
5.088176420897080732e+01
5.083582054179557019e+01
5.100316638432718008e+01
5.096189158953060883e+01
5.090386988697506609e+01
5.090181120863822173e+01
5.077001960871473329e+01
5.073129486494508456e+01
5.075411551703766833e+01
5.078630970839355996e+01
5.102309460553994569e+01
5.098239424815405840e+01
5.084874648229138216e+01
5.072084652009274919e+01
5.074583471027693093e+01
5.087458221311106854e+01
5.091088426900301300e+01
5.093853222342443132e+01
5.080753291562992757e+01
5.097094586825075879e+01
5.088797303516322756e+01
5.077393084233873566e+01
5.068662111566990092e+01
5.071592360101578834e+01
5.106319397219384371e+01
5.082620982760607831e+01
5.100097193259725259e+01
5.115442430003428598e+01
5.054509479199636957e+01
5.107613435646974409e+01
5.076716926134446339e+01
5.116155943056593713e+01
5.080648493179941028e+01
5.066724830479184760e+01
5.056556098176740477e+01
5.062037418393376242e+01
5.106592834326193042e+01
5.110007394892792831e+01
5.099692398216328115e+01
5.058776051833740439e+01
5.094524739719480522e+01
5.066906851928342093e+01
5.091969821797551532e+01
5.119173766474627030e+01
5.100699605144867377e+01
5.113940228846605152e+01
5.120360520288764405e+01
5.101236690825103892e+01
5.115332002189709470e+01
5.104650862345997808e+01
5.069880253577098017e+01
5.064254194768184192e+01
5.091111249770642644e+01
5.111153413944270341e+01
5.086358720301391401e+01
5.074604513505147452e+01
5.087444043140404659e+01
5.102009994790406466e+01
5.061770326957624633e+01
5.075780357217936967e+01
5.069040191828042907e+01
5.115937935177884555e+01
5.072162036872941826e+01
5.119458393218955194e+01
5.051820502703275650e+01
5.108436668716763052e+01
5.060278133268918310e+01
5.066220797901762296e+01
5.093123549810125894e+01
5.099757141619321033e+01
5.065887234701013142e+01
5.090527837686349955e+01
5.087053409046590247e+01
5.079173422073444044e+01
5.107584579376586476e+01
5.109867784735948248e+01
5.085800515278541667e+01
5.078019346792052602e+01
5.083076173087591343e+01
5.093963718399942309e+01
5.083311183983357751e+01
5.113322845666266403e+01
5.120933003994677790e+01
