5.083772475962895498e+01
5.084063033844231683e+01
5.083520260769331145e+01
5.083149861171101236e+01
5.082951094816725401e+01
5.083547069158271370e+01
5.084530840866548118e+01
5.082431816007245828e+01
5.082791646398686680e+01
5.081657134410476573e+01
5.081095047137488763e+01
5.082527408095315025e+01
5.082874862495723534e+01
5.083629820210393291e+01
5.082072419386785356e+01
5.084726911458601251e+01
5.084530818362873816e+01
5.084281329692193196e+01
5.084225695116170129e+01
5.083969514748626040e+01
5.084531549690130703e+01
5.084179485991445802e+01
5.083975699840856066e+01
5.084182645395529221e+01
5.083804109102499069e+01
5.083455814630358560e+01
5.083585601205774651e+01
5.083802652306547998e+01
5.083469129357702343e+01
5.083187448890810600e+01
5.082864262843042980e+01
5.081844982868143035e+01
5.081552874385030094e+01
5.081358338733245006e+01
5.081666416645448692e+01
5.082594637090508627e+01
5.083492439108258054e+01
5.081976959467180421e+01
5.081736634242639639e+01
5.081422832686707380e+01
5.081303426961229519e+01
5.080990519303957598e+01
5.080603563205750106e+01
5.079818885239802029e+01
5.081977825814298910e+01
5.082348979477191619e+01
5.081976530672298509e+01
5.081748111769584852e+01
5.081578562719262493e+01
5.081625814489896698e+01
5.081331773132960450e+01
5.086554185719328558e+01
5.086167394968439481e+01
5.086195636169657774e+01
5.086711537561113516e+01
5.086726788951960287e+01
5.087149035562622856e+01
5.085871082386127284e+01
5.084590019173122499e+01
5.084753316940745549e+01
5.084411913729555721e+01
5.084196995829295673e+01
5.084330372132058784e+01
5.084063639022999581e+01
5.084420711835917217e+01
5.084681153624077155e+01
5.084568453716762093e+01
5.083877837730273797e+01
5.084045445055829049e+01
5.083485101623472247e+01
5.083541963763320837e+01
5.084382992136605139e+01
5.084892629264742681e+01
5.084399800593545393e+01
5.084729567716382093e+01
5.085032659884537765e+01
5.085322271491298096e+01
5.085367293625333218e+01
5.084846743359510413e+01
5.085110690907000475e+01
5.085058072049929478e+01
5.085309794819949047e+01
5.084999949099465510e+01
5.084870330183196785e+01
5.085194675846701529e+01
5.085437865511316602e+01
5.083571367131710872e+01
5.083878919303037947e+01
5.085675270034823114e+01
5.085363116512912285e+01
5.084045443471281800e+01
5.084347578078137531e+01
5.084553976268770725e+01
5.084678339874935205e+01
5.084226194981502545e+01
5.084208230537861795e+01
5.083807894191270549e+01
5.084681706312021987e+01
5.084896165720690675e+01
5.084574145230359221e+01
5.084321719869477363e+01
5.083059805494576722e+01
5.082653497230339212e+01
5.081847136006241072e+01
5.081774403778548077e+01
5.082159884413817963e+01
5.080415784054529382e+01
5.081171658536553792e+01
5.080050212591050496e+01
5.086311902296422716e+01
5.085897199308434580e+01
5.086341585865033466e+01
5.086746027874788467e+01
5.086584971795652876e+01
5.087225202040112038e+01
5.086070843922988161e+01
5.088109154652424593e+01
5.086755782028583894e+01
5.087878271361773841e+01
5.088297820614949529e+01
5.088854665078167727e+01
5.088388283132681522e+01
5.088649571968131369e+01
5.089495387917764191e+01
5.089883127038787336e+01
5.087670871756437663e+01
5.087341362930368405e+01
5.087235060528313113e+01
5.087678268092503231e+01
5.089662785767010433e+01
5.088906834277021574e+01
5.089617449182051701e+01
5.089401162883653029e+01
5.089811818423721945e+01
5.089189713069871601e+01
5.089811939690201115e+01
5.090624151536140118e+01
5.089470766026627047e+01
5.088652362021393571e+01
5.088121136592849325e+01
5.083607549943217663e+01
5.083652741405584408e+01
5.083169739452399938e+01
5.083493938208112439e+01
5.083483602095211040e+01
5.083057401119535967e+01
5.082803469673849861e+01
5.083526300131987341e+01
5.083122017201355902e+01
5.084089001022321952e+01
5.083898635950450995e+01
5.082607442618095206e+01
5.082353608493362884e+01
5.082758000875142557e+01
5.087857904223184846e+01
5.087421723134640672e+01
5.087919084890992849e+01
5.087133959527420757e+01
5.086811921466986774e+01
5.087447766317461628e+01
5.086780377486772409e+01
5.085634652490195862e+01
5.086302215212689504e+01
5.086146565288247956e+01
5.086384434297761459e+01
5.086167694484317536e+01
5.087375349082811482e+01
5.087394589081684870e+01
5.081011522916648460e+01
5.080324480638022067e+01
5.081437383972755129e+01
5.081189645437249425e+01
5.080712296552541574e+01
5.081089305599925154e+01
5.082376203169519613e+01
5.082044850074339593e+01
5.081635257089798330e+01
5.082249738365351988e+01
5.082249567382338284e+01
5.082749455209502543e+01
5.082544722584657393e+01
5.081752532278016332e+01
5.081753738082819183e+01
5.081881495068108734e+01
5.087531655436357880e+01
5.087288248264901824e+01
5.086983324951194163e+01
5.086862691234119893e+01
5.087115227429613640e+01
5.087566567806725715e+01
5.083351989519702840e+01
5.083412301061570560e+01
5.083050211353653935e+01
5.083303069570447974e+01
5.083557572910276434e+01
5.082712018285624112e+01
5.083057376801559712e+01
5.082407183731204725e+01
5.082534398524784791e+01
5.082309982219528877e+01
5.081814577283356726e+01
5.081904917750156869e+01
5.081458186025932378e+01
5.081710177981104692e+01
5.082079252655724844e+01
5.081356189397367018e+01
5.080890248052337199e+01
5.081853145461041521e+01
5.081768389035577371e+01
5.081999808444858502e+01
5.082264126465584297e+01
5.082370051605768424e+01
5.083894054747836577e+01
5.083350596919610354e+01
5.083690985780454952e+01
5.083527603344673196e+01
5.083730976629117748e+01
5.082790189250494706e+01
5.082758918297841433e+01
5.081630663505571732e+01
5.080369242840692579e+01
5.082072618157594945e+01
5.082291634182281825e+01
5.087892523654379318e+01
5.088076689230558713e+01
5.087359174556405605e+01
5.087448103178723358e+01
5.087231894288269274e+01
5.086896184651514119e+01
5.088574485554283200e+01
5.089116750863232852e+01
5.086956526871346540e+01
5.088698168947824740e+01
5.086017908745352401e+01
5.085774279883111149e+01
5.086494798702386788e+01
5.086395622530571359e+01
5.085496869359997163e+01
5.085185161038734236e+01
5.085347855867837552e+01
5.085138340891344910e+01
5.084774215793319740e+01
5.085545187120608546e+01
5.084933117026710647e+01
5.085293579269445985e+01
5.085103684599719287e+01
5.085496020472877632e+01
5.085179519038051410e+01
5.084761243359254479e+01
5.086132159664391850e+01
5.086010692098849972e+01
5.085663423451531173e+01
5.086502129287959661e+01
5.086072016365474724e+01
5.086433421942034272e+01
5.086856290372944045e+01
5.086215184784335719e+01
5.085882330734207102e+01
5.085856429135322543e+01
5.085716059639801045e+01
5.085745102406426099e+01
5.085449715460188003e+01
5.082302108469516355e+01
5.082546421475209542e+01
5.082994126625190745e+01
5.082910818778991313e+01
5.082972041578478439e+01
5.082828264651363526e+01
5.082800002210192503e+01
5.083057967756336382e+01
5.083028499157953917e+01
5.083500146835429234e+01
5.083269708103807716e+01
5.083024607237263837e+01
5.083344420068606695e+01
5.082557495595303010e+01
5.083528664041621425e+01
5.083327595639779872e+01
5.083217310934021071e+01
5.083924078959049808e+01
5.083704999290161197e+01
5.084991658363144040e+01
5.085272552564090631e+01
5.084827524095007334e+01
5.085074652037530285e+01
5.085526824102396404e+01
5.085166517884130144e+01
5.085664001438427562e+01
5.085773663686484980e+01
5.085728250822645435e+01
5.085467934890673547e+01
5.085793138308736161e+01
5.085445903396350076e+01
5.086828032214565809e+01
5.086936399802349484e+01
5.086501339693062107e+01
5.086192470699435830e+01
5.085846208883563691e+01
5.086181346015151661e+01
5.087581100247192722e+01
5.087818174539164318e+01
5.087250893315606248e+01
5.087552649518067227e+01
5.087276884510822583e+01
5.087519735947580557e+01
5.086952956741813381e+01
5.087130342972874786e+01
5.085662685960221552e+01
5.085590289691987920e+01
5.085438025351427882e+01
5.085954376140834654e+01
5.086506729106905311e+01
5.086193208164235813e+01
5.086751910099802387e+01
5.086030594546271999e+01
5.086276973243897714e+01
5.086800441828319919e+01
5.087052066584362819e+01
5.084930385573029810e+01
5.085204911224545299e+01
5.084620808881408038e+01
5.085181809426466515e+01
5.085250255352185889e+01
5.086453459827494328e+01
5.085700104262816268e+01
5.085683549537386483e+01
5.086019506122323719e+01
5.079969027894613731e+01
5.079196242648538373e+01
5.081241476214749042e+01
5.080354587471157402e+01
5.079257090351657666e+01
5.080759444507614120e+01
5.080094322264908158e+01
5.080062431905840015e+01
5.079470296770233517e+01
5.080830594463738947e+01
5.078860701914172893e+01
5.079151231136754774e+01
5.077976555480168486e+01
5.079135237771579625e+01
5.077902657043865986e+01
5.077556864041163465e+01
5.078557888835715062e+01
5.079730802074919893e+01
5.081353820419484180e+01
5.081465161455810886e+01
5.081013567293149435e+01
5.081131011530705166e+01
5.080685032978283289e+01
5.080151036850721624e+01
5.079763074277607870e+01
5.079017623009254834e+01
5.079046960329259264e+01
5.080047105933227414e+01
5.080614198084688127e+01
5.080496320020266410e+01
5.080951785275374988e+01
5.079975003885231644e+01
5.079644579142359362e+01
5.081131477348134240e+01
5.084215225562068241e+01
5.084204531845166741e+01
5.084843908804415236e+01
5.083961427068238947e+01
5.084667483724384596e+01
5.084442174906776302e+01
5.084073535400317922e+01
5.084899682454113190e+01
5.085449745270192068e+01
5.085458792450113208e+01
5.085882745770911839e+01
5.084629888222797689e+01
5.084838057613905704e+01
5.085275814769055813e+01
5.084206166080949174e+01
5.084747160585978065e+01
5.085131868329608551e+01
5.083633701383691061e+01
5.083690530247960737e+01
5.083025527935758703e+01
5.084209581571791858e+01
5.083558567487543911e+01
5.083377988273971226e+01
5.082808933787578809e+01
5.082648423373480995e+01
5.082645040953921978e+01
5.083286486782036206e+01
5.083525253249431586e+01
5.083754633192560135e+01
5.089974173300608129e+01
5.090149646348675105e+01
5.088483533012883697e+01
5.088828005585453695e+01
5.089522935627405786e+01
5.087814659769525605e+01
5.088669042742933613e+01
5.084426055080936635e+01
5.085690464605980310e+01
5.085206949249840847e+01
5.084253605583633373e+01
5.083252722311281957e+01
5.087758987423229939e+01
5.086982909447095125e+01
5.086768715737510149e+01
5.087526080722611255e+01
5.083484710269114260e+01
5.093407868567219055e+01
5.093822758358458458e+01
5.092603998575248880e+01
5.092524247783789804e+01
5.091555362910808924e+01
5.091057271323475675e+01
5.091143942619234508e+01
5.090508612762265983e+01
5.090563202120973330e+01
5.091202151807948439e+01
5.091121018123730124e+01
5.090747138933782168e+01
5.091850793187967383e+01
5.090601878121865553e+01
5.089311676665493422e+01
5.089867415448363630e+01
5.089749417468060955e+01
5.088807646394564443e+01
5.088384703548890542e+01
5.088102194420534374e+01
5.088774757505943569e+01
5.093682323741403906e+01
5.091675854420310543e+01
5.080022480452106493e+01
5.080322613662398368e+01
5.078971000206700381e+01
5.078791527277010687e+01
5.078735841299201326e+01
5.078183230034223072e+01
5.090805229125174947e+01
5.092809379895862065e+01
5.092645800765557595e+01
5.092065196793047477e+01
5.092978487041368396e+01
5.092622614213652099e+01
5.092298172788191124e+01
5.091503608697793481e+01
5.090455071741840953e+01
5.091375137182200916e+01
5.090887552711770070e+01
5.090486291122604712e+01
5.091055032559083315e+01
5.093440219049391970e+01
5.093445208988931938e+01
5.092458743982506064e+01
5.088285438566433783e+01
5.087654056102407907e+01
5.088390330233554693e+01
5.088891845559012950e+01
5.087199745152060615e+01
5.088030033015474629e+01
5.088138097574097429e+01
5.089240046607442736e+01
5.088772877435897612e+01
5.088972419672600722e+01
5.089193913032005412e+01
5.089961104435065664e+01
5.088597293144697176e+01
5.086860682869453854e+01
5.086368186537496427e+01
5.087261691518915541e+01
5.087108101956964390e+01
5.085739391527587117e+01
5.078844376487840151e+01
5.080159066231243514e+01
5.086082369503817802e+01
5.085968381075447553e+01
5.084791403729025916e+01
5.083145221694424976e+01
5.082357263288677984e+01
5.090735974779337880e+01
5.091172935819044199e+01
5.090067471848059455e+01
5.089679787450872084e+01
5.089561570099895249e+01
5.092044148706479945e+01
5.083928118936217544e+01
5.084824867040961038e+01
5.077484804039595190e+01
5.092278034100500150e+01
5.073585954741995607e+01
5.099355344938443579e+01
5.074198456683783576e+01
5.088764391545889509e+01
5.090081525674433749e+01
5.103444695971296596e+01
5.076048641940150219e+01
5.098424761669660654e+01
5.094366996453138796e+01
5.070010070267390034e+01
5.084919801298593001e+01
5.101965696215863488e+01
5.073041462365527821e+01
5.086943181356353705e+01
5.095980799950207540e+01
5.095121554093255867e+01
5.086600737122735438e+01
5.079548114364482814e+01
5.078751500695538112e+01
5.100282931697609001e+01
5.092015440027324757e+01
5.094228909783925729e+01
5.078979334225228826e+01
5.095410987000914105e+01
5.073730836031060676e+01
5.070921369585213512e+01
5.076639571087072511e+01
5.075769686223534904e+01
5.068053265839342458e+01
5.075800762648575670e+01
5.087911694745066882e+01
5.083748887039469366e+01
5.101201589447322249e+01
5.097041356091589392e+01
5.087978012046438892e+01
5.090983757704802315e+01
5.077128036689890678e+01
5.074567213885538308e+01
5.074565971812953791e+01
5.078176387467675568e+01
5.101916077096101532e+01
5.099378321050763674e+01
5.086082957337441712e+01
5.073694782636015077e+01
5.072974861521795020e+01
5.088002397953008682e+01
5.090841709381187030e+01
5.094546482276428634e+01
5.079811616639450733e+01
5.095605923257054570e+01
5.087492201726834651e+01
5.077709029422736364e+01
5.068340143558103250e+01
5.074395468798808650e+01
5.105036632940025498e+01
5.085331544476562016e+01
5.096620417164982086e+01
5.117645012909164137e+01
5.059038490440789815e+01
5.107463846395815921e+01
5.075465717732693349e+01
5.112378429026060900e+01
5.077759600182108102e+01
5.067311436255860713e+01
5.057696608641688130e+01
5.064079999581927183e+01
5.109788908677207786e+01
5.104850551661289160e+01
5.102938831360228278e+01
5.057968873123341069e+01
5.093862182166774488e+01
5.068181097932107804e+01
5.089798462251819444e+01
5.121263919519743979e+01
5.101828924605130311e+01
5.111751197998509610e+01
5.122262119379293210e+01
5.101848671015846293e+01
5.114617280075615469e+01
5.102911484242626727e+01
5.071412630188271464e+01
5.061135917979244425e+01
5.091620741941078165e+01
5.113177506003116690e+01
5.089618196075772261e+01
5.078917037502790066e+01
5.086363471168390760e+01
5.103354083761377780e+01
5.066136768058952100e+01
5.077512473819890459e+01
5.072320237839961266e+01
5.114037607478206127e+01
5.075225670799141398e+01
5.121547941354076272e+01
5.049332048391675443e+01
5.108676618377345591e+01
5.061697711141596301e+01
5.067692100341650985e+01
5.094567338026752878e+01
5.102704810329861829e+01
5.067681786220677509e+01
5.092498163021053159e+01
5.086127937783707154e+01
5.077392173051205049e+01
5.105117056172469603e+01
5.112801169060917061e+01
5.088684440801939957e+01
5.076404771190233589e+01
5.082525892604610362e+01
5.096092999282024749e+01
5.083490164199555750e+01
5.110137313226088907e+01
5.121846944344279962e+01
